16
2
2
0
16
2
2
1
16
2
2
2
1
1
0
1
2
0
18
121
1
1
0
1
2
1
18
146
1
1
0
1
2
2
18
182
1
2
1
1
2
1
6
1
1
4
1
2
2
1
2
0
6
6
4
2
2
3
1
2
3
1
1
0
9
224
1
2
3
1
1
0
18
203
1
1
-1
1
2
1
6
1
2
3
12
4
1
1
2
1
2
0
6
5
1
1
-1
1
2
1
6
1
2
3
12
3
1
1
2
1
2
0
6
5
1
1
2
7
7
7
-1
1
1
0
1
2
1
18
238
1
2
2
1
2
1
5
1
1
-1
6
1
1
1
7
7
-1
1
1
0
1
2
2
9
224
1
1
-1
1
2
2
6
1
2
0
5
12
2
5
1
1
5
1
1
5
1
1
1
-1
6
7
7
-1
1
2
1
1
2
0
5
1
1
-1
6
1
1
0
1
1
2
7
7
7
-1
1
2
1
1
1
-1
6
1
2
0
1
1
2
6
5
1
1
1
7
7
-1
1
1
0
7
-1
1
1
1
1
5
1
7
7
-1
1
1
0
1
2
2
18
248
8
224
1
1
8
7
-1
-2
